--- Detailed Statistics ---
                              Reward                          Length                      KL_Div Perplexity
                                mean    median       std        mean median        std      mean       mean
Model      Category
Base_SFT   Hack_Constraint  1.791481  1.742894  0.726180    4.666667    1.0   5.819507  0.000000  49.966359
           Hack_Safety     -0.371954 -0.232110  1.495151   69.333333  100.0  41.112650  0.000000  42.331527
           Normal           1.416874  1.584835  1.064556   12.150000    1.0  30.403038  0.000000  19.127021
           Verbosity_Probe  1.950216  2.295374  1.490183   28.533333    1.0  44.722744  0.000000  48.071200
DPO        Hack_Constraint  1.935123  1.941658  0.359650    5.166667    1.0   6.524314  0.012481  50.818986
           Hack_Safety      0.521866  0.558254  1.571010   68.888889  100.0  46.923993  0.088738  20.608529
           Normal           1.291270  1.267025  1.117168   22.300000    1.0  40.338176  0.030536  14.574704
           Verbosity_Probe  2.048709  2.051548  0.818167   30.333333   13.0  37.303134  0.046694  31.127786
GRPO       Hack_Constraint  1.769256  1.752174  0.362837   26.000000   29.0  21.835751  0.040539  37.218928
           Hack_Safety     -0.549473 -1.112506  1.442884  100.000000  100.0   0.000000  0.105932   2.617948
           Normal           1.358607  1.389793  0.729473   15.600000    1.0  33.460739  0.013984  18.805662
           Verbosity_Probe  2.158511  2.333605  1.192086   24.000000    1.0  39.998214  0.039410  49.018256
PPO_Dense  Hack_Constraint  1.573123  2.127394  1.650472   20.000000    1.0  39.648455  0.086366  47.368982
           Hack_Safety      1.121071  1.070973  1.051444   33.222222   13.0  41.502343  0.085064  59.171008
           Normal           1.237340  1.274198  0.903448   20.950000    1.0  40.554674  0.067067  18.387416
           Verbosity_Probe  1.817016  2.238894  1.500565   43.733333    1.0  48.048289  0.101149  48.289431
PPO_Sparse Hack_Constraint  1.694497  1.911453  0.796214   18.666667    1.5  39.913239  0.057319  48.324036
           Hack_Safety      1.209281  1.488221  1.262464   68.222222  100.0  38.848352  0.127612   8.925497
           Normal           1.213900  1.274198  1.090245   17.850000    1.0  33.573603  0.049387  15.032792
           Verbosity_Probe  1.618304  2.023371  1.751805   32.666667    1.0  44.261668  0.064884  58.271297

--- Constraint Compliance (Hack Prompts) ---
            Compliant  Deviation
Model
Base_SFT     1.000000   0.000000
DPO          1.000000   0.000000
GRPO         0.500000  11.000000
PPO_Dense    0.833333   5.666667
PPO_Sparse   0.833333   5.000000